5557c94ed9fa19016d3fdb1a1055b2167bebd57dd95fe127cfed8f1ac1183f84 52 52 1067 425
fd7d16f23f273e199c03049f894ebfedd4bf0d7283f008827e956e447640d591 7 7 504 222
393c5d40144f76c77529178c7c789c9e7d38c51dc05f3216c7f4ffe36290c139 19 6 31 84
824d22d27b7cbfd764a9b8d8f9de00694e1eeffdc7bc5c5349cbb84f488e0b75 2 0 0 0
56173d3c92a0087a95cb688e28fdcf4a5e6335386bad37ea809d327687a485e3 26 3 1410 12
11bd8806f50dd175347dae5f614e6b284c1a35d63cf75a962ecb831c66a7a6e5 139 51 1961 1639
9b8445a0ed060af5231fe349507fc5e0308d6792e152781e47b4664aa9b83971 2 2 229 0
3556fb92ed90f8b5bea10663369c2e92053b90238609b26d0998b50869c3bb10 9 9 166646 317378
d1fd7b035312fd563eace63a54de71d47cece083d2a7cf063fa20b97066c55c1 38 38 39984 27399
5b8404f71dd7af2cb46af2fdad2c920e5cca6caaba0f14b0c49e6341ba22b978 9 9 300749 600955
76df3b6e8933b8e758c691afc18c1ec677d4d5f3c90ac73b1c39bf32ccdc3c1d 8 8 21627 19990
6f7575a4ef13a856c1f4b1f4e45886f3e9d776cb29650252849ba530ce866a8e 10 10 7851 868
37b879d7fff2206ec512340ed7f36a51420a38d7e558ccbda38e58cf05ec9ec7 14 4 197 92
eb7ad3f48cca7460b0e7785355c13debc72dd26e1eba63df48b79df1855902a7 2 2 3 0
1c790feb8588363f12e3f0d153581defd9c0caf659a86dc76f70db7c4b1540ff 5 5 13632223 113004
fad9b905b24c3545147f36c4ab1cfb81dbb60c517ce6ec8f8e0ecd424b6b13e7 3 3 50411 5993
3577d2a6dafbe1180fba7c55d1cfc561db52ae70fa10af1c21f4f1f7dbf5b237 15 15 103717 860
914fbd2a811b7a6357ef2f626b426d0b04ab9e5379827e6c6cb69efc546b5fed 4 4 5320 543
aca6cb3facc4125c3dd044194dd72c89d6607e5ab7cc3558c8b496dfbd3e271c 19 19 5120 688
89a6a2cfd9d157a2e967485f903405ecfb1661790de35b6731e115c16f8e5bd7 1 1 28647 0
119374d50b187397db5709351373b4af3c75bb62836b16d95804a0c7b7e9232a 2 2 28226 748
6138033f4f4fc836d244e0f0a4756e29a2719d295599c75f4b5e3ad7928c25de 1 1 356 0
68598f543bc9fe228916112c02df47fb6ef1b8a30ffa703cd2332c0f666dc18e 1 1 308 0
674063cefa50732ce18e495ac9d6dd0d1344181085473cab5bc6b207925ccbf1 1 1 295 0
7e6637f261e3a9398a02ccf3b20ed58544deb8cb5e5ddd1ea589cb8c04b11891 1 1 225 0
7016ac1e37400fa7a486c296fee6b2be008eacafe7e71d7b3b5053c462639bfd 1 1 101 0
c5934184b48bf02a40f500a7968b9ee8aa9206760bb451ebe800e342c9ffaba6 1 1 251 0
8c889a845200653b05d1eebcd4fbf9e63ea22808ce7bb5c583c5acfabf87b1a5 1 1 41337 0
5a435f46fdaec4c69a7f1284c5d6996f3136b4dd9ec3c183c4ec95365a587eec 32 32 2524946 2392618
1129e8318bf746c18dc96feecd7453d376801b3db19401f51ec94e6dd555964b 12 12 7090346 4719631
c9269c0a43f1d3c83d8e67461b0764640e512788b5ecdb62abef50335f279649 1 1 8340 0
e1713e9a71fc56810a232562f13396c92ea1a89d0aadc4caa7f022d58c90dd5d 1 1 19006 0
90658bd61ab464154365780e269c43fe67c689b63f3a0097f437f54fecbd6279 2 2 463437 0
044bce56eb6c331d65f4df3e12f12108a272ec8c01fc280d34a32a2f2d117c9e 1 1 145372 0
4bd404f45a7552c3bf3ff7ebb84cdafc46c16aefea870483d859f485e51e287b 23 23 339257 18728
90cddd94010c2eafd312ace4f37f698c3dea2bca6c80a188eae61142287bccfa 1 1 434 0
78ebfffd3952ad609b7121932d5b7a6eb2d887ef1e707b2d7f28ea9cfce9072c 4 4 4357 904
7006417059381c02d14ecbc32f31055b3d848bef2430b7cef48356ddc721383e 41 41 6991 183
1045c587f0ba8ec06886f1158cfa076b87db3f3a3a1de996df6f3ebfbcb3d8d5 20 20 488 117
f3e0dfd3f389aa004e5bbde6b2c16093d2159edeaabf8cfb6060e4ff4a1d9e7d 151 151 52044 7408
ddd6878616d17d9dc2183f34f7b92d4391e35daaea1086daad7c669a4d6d67d3 971 807 970340 806861
48c6effdef03c6d7677e14c394b29e47186d5b14c1e4859c352267726a5dc35b 5 5 488 237
a1362dc11a5e60148b9b9685010390a8e35f43666e7fd1e7731f0b1743af9d0a 1 1 1072 0
6cafe3a0c4ec7601f88b34aae79714334b753595841670da9a6cbf0d0ca87744 67 67 410 144
a8acbcefff459bb278eb5b84ad794d5f030164be5c21aace15a85b25e7e13acd 13 13 104354 45
ae806858da25fa06be558cf90814a919c3483a858470596e802f27710c6bfb21 9 9 3834196 1097649
6a831da60ab299e5988ffc561fe17ffe4144d8454afa3efa217648c813ef67d4 327 327 78180 6880
0f4133eaef73607bed545bcc187a97de3b90c4eceef78701cfe31bbf8e0cf4ed 14 14 5906 522
7e42db4580492347c48314d7836e477d999d541ad35a458abd30277dcb0edbc2 22 22 3959 78
ae9711a035b84734752b93a16a1542b6a50935fd5f07610a4c8c5b7e90f05ecb 41 41 1116 227
f02a9fcdf7fb9cbadad04746be1255df9701796fbf674f71719dda4b84f6fa08 37 19 3097 202
16921355033200f0fb90472af0783222c1665cb4104b2345d5f223f27375a265 44 44 4401 69
40f7b1ab05b0495251d1326da936f8273a788caf50ce4e7ed1ab0eb888a107ba 7 7 5849 18
ae02548fb00a8364118968159f4660e52d21a51971fcf337201a083283dcf521 687 6 54 47
cc00b7012ffffbe5d720517055b8efbc4623296bd35e7854e016ab328d54c364 4 4 13520 0
d8807e0e264de0bf370d4e69a733b46ba8279af9240e3f2e05a41aa4f427ab75 19 19 41774 335
f7b5646c29da561e398d31f00f7b44ed086c92be04c6ede699f7330f47b89bfa 0 0 0 0
e4a9fc4fde784186b60eb5cd059ec3438675503002167e61b2fc5c31710a692c 15 15 27578 487
db389c8be6c54d27595889bd8f7fe0016b4d03f01292ae479b338d3860379164 20 20 999 68
5a1ad8e553c5fb7dbc193b8fd3f204250b53cdb25505e75df801779305211c2b 44 44 22115 86
85d7c4d6d2bdb5c936042845f3ace09f351ad35a5c3a3c78bea14b53ad9dd3b4 0 0 0 0
